10 1.4804406601634037 0.0
110 0.9645295210155509 0.0
210 0.963461382011104 0.0
310 1.0347165904367874 0.0010292530059814453
410 0.9508521313244626 0.0
510 1.0256647710936 0.0
610 1.1608919930789532 0.0
710 1.0147621426472155 0.0
810 0.9991451369004041 0.0
910 0.9354432742790737 0.0
1010 0.9649736976312615 0.0
1110 1.0203036982207243 0.0
1210 1.0420181506108805 0.0
1310 1.0189801490437678 0.0
1410 1.0569576344429028 0.0
1510 1.0261774112390922 0.01573348045349121
1610 0.9976882709796852 0.0
1710 0.9941750632091473 0.0
1810 0.9801444149700619 0.0
1910 0.9960032713664785 0.0
2010 1.0176495085202832 0.015623331069946289
2110 1.00683997504004 0.0
2210 0.9802616135923593 0.0
2310 1.0019143861711923 0.0
2410 0.970579353966049 0.015619277954101562
2510 0.9899095250893409 0.0
2610 0.9784521604528242 0.0
2710 0.9787661191117214 0.018838167190551758
2810 0.9834481253754521 0.0028204917907714844
2910 0.9869604401089358 0.0
3010 0.9869604401089358 0.0
3110 1.036149786802468 0.016102313995361328
3210 0.989266422445639 0.009049415588378906
3310 1.0264686752492482 0.004039287567138672
3410 1.0028791568848863 0.003999948501586914
3510 0.9616537621574247 0.003999948501586914
3610 1.0156670457076722 0.009154319763183594
3710 1.0089076736154012 0.006728172302246094
3810 1.0199886438133687 0.005631923675537109
3910 0.9939019777311853 0.005673885345458984
4010 0.9771154481876496 0.004158973693847656
4110 1.0253822577287484 0.006838560104370117
4210 1.0367773269315363 0.0
4310 1.0121496856801615 0.015491724014282227
4410 1.0283635424717823 0.0
4510 1.0175977930169737 0.016718149185180664
4610 1.019074120372784 0.0
4710 0.9785786104689448 0.016504764556884766
4810 0.9956809845381729 0.0
4910 1.0115841985434255 0.0
5010 0.9835129735017689 0.015628814697265625
5110 1.0053090197195715 0.0
5210 0.9774886508564509 0.017632722854614258
5310 0.9860310988282306 0.0
5410 0.9878726031774284 0.021292924880981445
5510 0.9851692233392281 0.006201505661010742
5610 1.0230258394355547 0.006809234619140625
5710 0.9990597800051925 0.0
5810 0.9929059849288692 0.016748905181884766
5910 0.9827854805484072 0.018547773361206055
6010 0.9762861591426993 0.004999399185180664
6110 1.0039212987360124 0.015671968460083008
6210 0.9889470754553707 0.0
6310 0.9951720761003334 0.01562047004699707
6410 1.01005623823941 0.015621662139892578
6510 1.0115965494050496 0.0
6610 1.0265284456503683 0.015620946884155273
6710 0.992843959871135 0.015624761581420898
6810 0.9934822051316821 0.0
6910 1.00445720623243 0.015620231628417969
7010 0.9932961348029304 0.016712665557861328
7110 1.0112527153577493 0.0
7210 1.0133113256458248 0.015705585479736328
7310 1.0193640660495848 0.015620231628417969
7410 0.9889583357366867 0.016811609268188477
7510 0.9882746351024231 0.0
7610 0.9658853978595663 0.017650604248046875
7710 1.0090422398389995 0.015708208084106445
7810 1.0321382067336407 0.016757488250732422
7910 1.0003736192886716 0.01677680015563965
8010 1.0039026449172976 0.016816139221191406
8110 0.9845265056080506 0.0
8210 1.0158119024263712 0.017906665802001953
8310 1.0012125764281985 0.016913175582885742
8410 1.0042703883748179 0.0168609619140625
8510 0.9814515539861185 0.015742778778076172
8610 1.0055877422596562 0.0
8710 1.001974476654795 0.025805950164794922
8810 1.0124466489766752 0.013404607772827148
8910 1.0093913592023207 0.013172388076782227
9010 0.9910682110860818 0.014673233032226562
9110 1.0013152434365356 0.0157012939453125
9210 1.0241991754984967 0.0
9310 1.0041871932257673 0.016771554946899414
9410 0.9927290717992643 0.017876386642456055
9510 0.9965602130542645 0.015744447708129883
9610 0.9987711009427055 0.038874149322509766
9710 1.0034775432518506 0.02586078643798828
9810 1.0131184130374091 0.027945756912231445
9910 1.0018992964173457 0.029918670654296875
10010 1.010377333667964 0.03040933609008789
10110 0.9820793301182883 0.031331539154052734
10210 0.9975937063588852 0.031928062438964844
10310 0.9888750093429007 0.030917644500732422
10410 0.9981004835011356 0.023935556411743164
10510 0.9886038090624949 0.027868270874023438
10610 0.9904487545768044 0.01783919334411621
10710 1.0185229004952392 0.01680755615234375
10810 0.9942644951698715 0.02766585350036621
10910 1.0091240796897505 0.0060520172119140625
11010 1.0156459388223653 0.032560110092163086
11110 1.0180528032086773 0.021724700927734375
11210 0.9959848330715733 0.03863334655761719
11310 0.9950323977314006 0.03807640075683594
11410 0.9891229301179387 0.018349885940551758
11510 1.0068968695029694 0.03462481498718262
11610 1.0003494383274678 0.04412055015563965
11710 1.006345657976148 0.0565333366394043
11810 1.0180902253706274 0.05018019676208496
11910 1.0122352456700798 0.033582210540771484
12010 0.9859332123402962 0.03666114807128906
12110 0.999185383628039 0.03005242347717285
12210 0.9893854043352476 0.013017416000366211
12310 0.9977841329939647 0.03430509567260742
12410 0.982387496893282 0.015735149383544922
12510 1.0088534474734625 0.03328061103820801
12610 1.0133759158057452 0.04635810852050781
12710 1.0061793786555104 0.024371623992919922
12810 1.0041031956065345 0.026186227798461914
12910 0.9942231234404888 0.04884481430053711
13010 0.9742536089238285 0.034383296966552734
13110 0.9961826105065975 0.033236026763916016
13210 0.9996616721163938 0.034423828125
13310 0.9875165785988543 0.03342795372009277
13410 0.9972642776641373 0.01673603057861328
13510 0.976732870781382 0.03343009948730469
13610 0.9923992375378976 0.033492088317871094
13710 0.9927195090519493 0.03339862823486328
13810 0.9932138100227323 0.03342866897583008
13910 1.0050535322892218 0.033473968505859375
14010 0.9911872514156123 0.03234243392944336
14110 0.9971028400958809 0.03345966339111328
14210 0.9690756889950688 0.04248833656311035
14310 1.0088584093426596 0.04368901252746582
14410 1.0001450261409255 0.0461115837097168
14510 1.0073662383193203 0.03690290451049805
14610 0.989155937323415 0.029700756072998047
14710 1.0042372799001016 0.01758122444152832
14810 0.9926249666051721 0.05007600784301758
14910 0.989442734978425 0.0890038013458252
15010 1.0001111455067897 0.06094789505004883
15110 0.9791222367460588 0.03336811065673828
15210 0.985662661752448 0.04297041893005371
15310 0.9785799791543858 0.04705524444580078
15410 0.9959269853143382 0.0418095588684082
15510 1.0012780480408836 0.044437408447265625
15610 0.98443139349751 0.03653526306152344
15710 0.9902586847369256 0.04806804656982422
15810 0.986492242556702 0.05259394645690918
15910 0.986340100423135 0.06726932525634766
16010 1.00930729579535 0.04445958137512207
16110 1.0025827189560976 0.051526546478271484
16210 0.9963977546195394 0.04207730293273926
16310 0.9948270775837464 0.04181933403015137
16410 0.9985381296105185 0.037329673767089844
16510 0.983822013512587 0.03526163101196289
16610 1.001221156883538 0.035568952560424805
16710 0.993752806991792 0.039945363998413086
16810 0.9942995272602515 0.05783677101135254
16910 1.012203514641586 0.039156436920166016
17010 1.012055113262793 0.03840923309326172
17110 0.9966223848031641 0.04713797569274902
17210 0.9955626519634587 0.04669785499572754
17310 1.0166091650573268 0.06616711616516113
17410 1.0093527074175532 0.061609506607055664
17510 1.0061247204994006 0.06782770156860352
17610 1.0113402124795994 0.06892132759094238
17710 0.9891895997703902 0.05721139907836914
17810 0.9991519783921455 0.06455135345458984
17910 0.9953642071171219 0.10842752456665039
18010 0.9951805437189492 0.0815424919128418
18110 0.9977238132133818 0.056176185607910156
18210 0.9866894460287301 0.040470123291015625
18310 0.9981452730593784 0.05660557746887207
18410 0.9968782935266519 0.04671955108642578
18510 1.0073554897222081 0.05641293525695801
18610 0.9982301388474176 0.049649715423583984
18710 0.9789160003913189 0.05304861068725586
18810 1.00047146155115 0.04046797752380371
18910 1.0121433281233494 0.05115818977355957
19010 0.9942289546599747 0.043528079986572266
19110 0.9990973162693545 0.045912981033325195
19210 1.0037865486011626 0.03836417198181152
19310 1.0029327413794713 0.060486555099487305
19410 1.0258591900668614 0.053701162338256836
19510 1.0006190417916325 0.04896879196166992
19610 1.0218135816069183 0.04032182693481445
19710 0.9854582172168369 0.03904581069946289
19810 0.9885796331580796 0.047650814056396484
19910 0.9963789475735615 0.04004788398742676
20010 1.0004010557975758 0.04672503471374512
20110 0.9876966114963865 0.04347515106201172
20210 0.9878150570165016 0.042513132095336914
20310 1.012472711455917 0.049750328063964844
20410 1.000379426984498 0.05301666259765625
20510 0.9935770690955266 0.037301063537597656
20610 0.9940238396681821 0.04380059242248535
20710 0.9838627854200376 0.04585623741149902
20810 0.999291517207846 0.04361152648925781
20910 0.9908544734092222 0.05891895294189453
21010 1.0009357247796835 0.04710841178894043
21110 1.0001682243027195 0.06244921684265137
21210 1.0044102357261375 0.05316972732543945
21310 1.0098860814911002 0.04754352569580078
21410 1.0034405128477935 0.0460667610168457
21510 1.008411114481364 0.044789791107177734
21610 0.9984924859732349 0.043776750564575195
21710 0.9829825940237432 0.04497528076171875
21810 0.986394781901629 0.04928421974182129
21910 1.0001364295535666 0.04378223419189453
22010 0.989202512894281 0.051590681076049805
22110 1.003253545520051 0.04307842254638672
22210 0.993181712581482 0.05795431137084961
22310 1.004545235041401 0.05077815055847168
22410 0.9956585519751345 0.03743553161621094
22510 0.9998948394795327 0.042661190032958984
22610 1.0009289204643033 0.051645517349243164
22710 0.9981512068781145 0.04993081092834473
22810 0.9997247246259081 0.05527997016906738
22910 0.9934224246578812 0.039589881896972656
23010 1.0124815814329173 0.048470258712768555
23110 1.0047906427807438 0.06347799301147461
23210 0.9941893619020646 0.047589778900146484
23310 0.9946876078618264 0.04355359077453613
23410 1.013521101248134 0.04911398887634277
23510 1.0165566591764306 0.05320882797241211
23610 1.0007553128423516 0.05344843864440918
23710 0.9841506623903633 0.04465222358703613
23810 1.0020902410597867 0.0406036376953125
23910 0.9939777247102959 0.03531360626220703
24010 0.9985729484109256 0.050914764404296875
24110 0.9976037297990362 0.05007123947143555
24210 0.9928716034222689 0.04343676567077637
24310 1.0038090037718403 0.052796363830566406
24410 0.994945884063115 0.05924558639526367
24510 0.9908865373309114 0.059173583984375
24610 1.0059095993105398 0.04392504692077637
24710 0.9912541773534405 0.04152345657348633
24810 1.0115250540455447 0.05664777755737305
24910 1.0087520194770576 0.05874919891357422
25010 1.009750110407333 0.04870486259460449
25110 0.9937406342912851 0.04564690589904785
25210 0.9877434313347263 0.053689002990722656
25310 0.9970016219867727 0.047994136810302734
25410 1.0027883180839217 0.07240796089172363
25510 1.0099804895744324 0.04976034164428711
25610 0.9955351647447905 0.05351614952087402
25710 1.0076900642885867 0.057840585708618164
25810 0.9937479441042607 0.06623244285583496
25910 1.0149579670668698 0.07327079772949219
26010 0.9851580325385715 0.05547952651977539
26110 1.002647478892743 0.06333422660827637
26210 0.9929853798425272 0.06039571762084961
26310 1.0061857242425667 0.05819582939147949
26410 1.010597413920708 0.05299997329711914
26510 1.0115320693232661 0.07674264907836914
26610 1.0081016445757562 0.07190155982971191
26710 0.9919488212176856 0.06820130348205566
26810 1.0084040975637458 0.05873560905456543
26910 0.9974131983932556 0.052739620208740234
27010 0.9928069292025097 0.05030560493469238
27110 0.9923302912677727 0.0522465705871582
27210 1.0061845868659272 0.05413532257080078
27310 1.0098184583575225 0.05614948272705078
27410 0.9967724328097634 0.05211234092712402
27510 0.9977233674819886 0.0653829574584961
27610 0.9940203708196027 0.050000905990600586
27710 1.0000498649281357 0.057115793228149414
27810 1.0065683381010317 0.052170515060424805
27910 1.0047299715010798 0.05466723442077637
28010 1.0033451814388414 0.07367420196533203
28110 0.9944214537525911 0.10224342346191406
28210 0.9996429342436217 0.11146426200866699
28310 0.992364144390705 0.08806657791137695
28410 0.9960796627604176 0.08790707588195801
28510 1.0032309208823906 0.04970550537109375
28610 0.9937736063767273 0.06670618057250977
28710 1.0143760078897395 0.05079007148742676
28810 1.0010060416516176 0.06572103500366211
28910 0.990545042191656 0.07282757759094238
29010 1.0110305714904273 0.07376408576965332
29110 1.0037431751777754 0.09653687477111816
29210 0.9896635156039277 0.07942986488342285
29310 1.0080903505889207 0.07443833351135254
29410 1.005585501117452 0.09478092193603516
29510 0.985622642155552 0.07634115219116211
29610 1.0006265590027104 0.09502267837524414
29710 1.0018263033519095 0.07643532752990723
29810 1.0056666678399506 0.06560277938842773
29910 1.0062640796095619 0.061127662658691406
30010 1.0035687380847775 0.059175729751586914
30110 0.9913035905013116 0.06477546691894531
30210 1.0024786860225983 0.07409000396728516
30310 1.0033229482301744 0.0920259952545166
30410 1.0018086611332646 0.06276512145996094
30510 0.9977164003297231 0.06344842910766602
30610 1.0042104837371058 0.05177187919616699
30710 1.003511551364426 0.06450366973876953
30810 1.00193622737771 0.06820535659790039
30910 0.9987745896670175 0.06556224822998047
31010 0.9986569238799785 0.04997396469116211
31110 1.0009193791525852 0.05967426300048828
31210 1.0011908854164981 0.0625312328338623
31310 0.9994117136267585 0.061507225036621094
31410 1.0076203092388825 0.050170183181762695
31510 0.985942470756237 0.06095242500305176
31610 0.9963273534918108 0.06389856338500977
31710 1.0073470401805649 0.07365012168884277
31810 1.0107734592156195 0.05106711387634277
31910 1.0072192645611875 0.06680583953857422
32010 1.0038414410761225 0.04978823661804199
32110 1.0065551856888002 0.08307576179504395
32210 0.9928589152632658 0.05078935623168945
32310 1.0107104166544232 0.06577634811401367
32410 0.9961722738989066 0.06662797927856445
32510 1.0016084995476489 0.08387184143066406
32610 1.0019419003313805 0.05021977424621582
32710 0.9948808655301707 0.0784749984741211
32810 1.0080172004891936 0.05410194396972656
32910 1.005928914079428 0.08320379257202148
33010 1.0081138636586804 0.06765460968017578
33110 0.9908355490553014 0.060050249099731445
33210 1.004643109842896 0.0549006462097168
33310 1.0020715125933415 0.06725621223449707
33410 1.0053496311884873 0.06809091567993164
33510 1.0052211226773495 0.0808718204498291
33610 1.0034048865969156 0.0757913589477539
33710 0.9969149506291684 0.09066200256347656
33810 1.0060807917289107 0.052110910415649414
33910 1.000130584583996 0.09797358512878418
34010 1.013440928247701 0.07479095458984375
34110 0.99281970393544 0.0996863842010498
34210 1.002683721016839 0.10803985595703125
34310 0.9995455521039127 0.1126706600189209
34410 1.0078268661530871 0.1272282600402832
34510 1.0054784605369431 0.09627413749694824
34610 0.9971551340511184 0.13938212394714355
34710 1.009352584925582 0.11892509460449219
34810 0.9916386496067231 0.10620808601379395
34910 0.9995412878846011 0.10511517524719238
35010 0.9856213763869942 0.13678812980651855
35110 1.0010157012896383 0.11229634284973145
35210 0.9961404896441722 0.10675525665283203
35310 1.0031023164658577 0.08399391174316406
35410 0.9896779956839321 0.09112143516540527
35510 0.998703351568976 0.09993910789489746
35610 1.0004719035897869 0.08835482597351074
35710 0.9951828072591011 0.08936643600463867
35810 0.9994318056255316 0.09810638427734375
35910 0.9982977049806968 0.09829044342041016
36010 1.0093664428800841 0.08321857452392578
36110 1.0043162938743517 0.06824564933776855
36210 0.9928887443266573 0.07134890556335449
36310 1.0013666376649186 0.07170748710632324
36410 0.9974643448203395 0.07748723030090332
36510 0.9891230485780872 0.07916784286499023
36610 0.9999006480098451 0.08320879936218262
36710 1.0096113300787473 0.07755184173583984
36810 0.9978864487844151 0.10055088996887207
36910 1.0086864048227941 0.09437847137451172
37010 1.0004941451442042 0.06551742553710938
37110 1.0041810513988991 0.06778502464294434
37210 0.9983657878446746 0.06558108329772949
37310 0.9999885295421614 0.07389044761657715
37410 0.994875118858807 0.059334516525268555
37510 1.0072206250965092 0.0683441162109375
37610 0.991290364932599 0.06549453735351562
37710 1.0077020510552719 0.06711125373840332
37810 0.9931599403608763 0.07496380805969238
37910 0.9920371292627538 0.07633399963378906
38010 1.0129262501617886 0.0720682144165039
38110 0.9933053707787517 0.07917904853820801
38210 1.0017480572762314 0.08879733085632324
38310 0.9926281847402061 0.07482004165649414
38410 0.9987160871110143 0.06930732727050781
38510 1.004964587322037 0.07021021842956543
38610 1.00300078396204 0.07763504981994629
38710 1.002385680777133 0.08989572525024414
38810 1.0027273938030234 0.08362221717834473
38910 0.9995162205729277 0.09446358680725098
39010 1.0090348565148584 0.08768224716186523
39110 0.9979378829994341 0.0650641918182373
39210 0.9892258428023764 0.09430336952209473
39310 1.0029034540867832 0.08371520042419434
39410 0.9976664941091026 0.06792283058166504
39510 0.9936425944427536 0.07229137420654297
39610 1.0109430057137037 0.07049155235290527
39710 1.0024943175974295 0.06892728805541992
39810 0.9988604906302191 0.11378026008605957
39910 1.0029110661142042 0.08715367317199707
40010 0.994854150202284 0.09154534339904785
40110 1.012674069126982 0.11183381080627441
40210 1.0000920948082215 0.08199095726013184
40310 0.9952238771850154 0.09404277801513672
40410 1.0095523333804222 0.08954811096191406
40510 1.004502072221462 0.07359051704406738
40610 1.0030006738068402 0.07912969589233398
40710 1.0198106340747333 0.07013297080993652
40810 0.9923414422634136 0.08022475242614746
40910 0.9972739475190207 0.07607078552246094
41010 0.9944210042745971 0.10236334800720215
41110 1.0069469291965225 0.11988449096679688
41210 0.9867808185777343 0.13938617706298828
41310 0.9994437814296068 0.11459612846374512
41410 0.9964344023147629 0.09142851829528809
41510 1.0030689849938745 0.09254050254821777
41610 0.9949064085645112 0.08783698081970215
41710 1.0076059204252878 0.10023260116577148
41810 0.9937471209635477 0.09972906112670898
41910 1.0027386194187182 0.07963371276855469
42010 1.0021137246571448 0.09596753120422363
42110 0.9968042630689395 0.12913203239440918
42210 0.9873696276877537 0.11379003524780273
42310 1.0075464147814988 0.11403298377990723
42410 1.0058106630867296 0.10062146186828613
42510 1.0077397765920575 0.08712601661682129
42610 1.0063012513619507 0.08609223365783691
42710 1.0078735564352899 0.12462449073791504
42810 0.9965856674797716 0.09395456314086914
42910 0.9856378993187641 0.09105277061462402
43010 0.9963688051506624 0.08398675918579102
43110 0.9948588709100858 0.09413576126098633
43210 0.9984951548105098 0.0813758373260498
43310 0.9870743815127812 0.09226083755493164
43410 1.0014545032411506 0.08699679374694824
43510 0.9937654994523668 0.09527301788330078
43610 1.0072722262817808 0.07944488525390625
43710 1.00005668937142 0.0871877670288086
43810 1.0058841280726771 0.09773659706115723
43910 1.001907574991023 0.09762859344482422
44010 0.9991825132709301 0.1069021224975586
44110 1.0003294916384096 0.09740304946899414
44210 0.9908672050268066 0.1035318374633789
44310 1.0061160704066943 0.10001015663146973
44410 1.0028504809708563 0.11519360542297363
44510 0.9934463068519568 0.08575820922851562
44610 1.0103567787194536 0.08257341384887695
44710 0.996838874395421 0.0840768814086914
44810 1.0038099097961337 0.08124232292175293
44910 0.9948719466428751 0.08170247077941895
45010 1.0029675745519377 0.08644819259643555
45110 0.9976811365321985 0.08675408363342285
45210 0.9991309874515752 0.08105635643005371
45310 1.0001932467160022 0.09705042839050293
45410 1.0021202046316398 0.09395408630371094
45510 0.9989965430370935 0.07404375076293945
45610 1.0046504238797986 0.08315014839172363
45710 1.0039099904367748 0.08726072311401367
45810 1.0023648652274229 0.07971382141113281
45910 1.0023850560047791 0.08725786209106445
46010 1.0007963341291546 0.11546182632446289
46110 0.9909202683765601 0.09762954711914062
46210 0.99790649562843 0.0841989517211914
46310 1.0028911878735964 0.08448410034179688
46410 1.0039733328494476 0.09673762321472168
46510 0.9906209577593076 0.0727224349975586
46610 0.9986066156519504 0.09605169296264648
46710 0.9967856724928077 0.09361052513122559
46810 0.997028237804984 0.10496044158935547
46910 1.0005308831673512 0.10131239891052246
47010 1.0014992638650608 0.09164953231811523
47110 1.00000189360008 0.09559035301208496
47210 0.9998174761323841 0.0860600471496582
47310 1.0074569235671271 0.0891885757446289
47410 1.0039787940382556 0.10201239585876465
47510 0.9909074509197271 0.09323382377624512
47610 0.9894998783343788 0.08980560302734375
47710 1.0064576150157198 0.09111666679382324
47810 0.9974369601540161 0.10040163993835449
47910 0.999732626977388 0.09779477119445801
48010 1.0048453720584207 0.10796260833740234
48110 0.9930122657134284 0.08725929260253906
48210 1.004975897219408 0.09453749656677246
48310 1.0010569564342342 0.08698868751525879
48410 1.003984029604721 0.09256362915039062
48510 1.0058308958541644 0.08928298950195312
48610 1.0124415212102877 0.08663153648376465
48710 0.9976992829185793 0.08894658088684082
48810 1.012387663084494 0.09532046318054199
48910 1.003204626457079 0.09244656562805176
49010 1.0028694127203632 0.08820748329162598
49110 0.9947480021236418 0.10114741325378418
49210 0.9935789514935315 0.0868535041809082
49310 0.9980689991083368 0.09272575378417969
49410 1.005786795397393 0.07374310493469238
49510 1.0057986064572078 0.09613895416259766
49610 1.0005880938375111 0.10064864158630371
49710 0.9977810685510877 0.10173988342285156
49810 1.0117285700052652 0.09661746025085449
49910 0.9958591016607095 0.10681915283203125
50010 1.0040807796769122 0.1119699478149414
50110 0.9960697836242098 0.11384940147399902
50210 1.0044548593819282 0.09900617599487305
50310 1.0072646352095669 0.12113785743713379
50410 0.9958197854600426 0.11487793922424316
50510 0.9992705782453173 0.15908145904541016
50610 0.9991975014835329 0.11503458023071289
50710 0.984430271360875 0.12129759788513184
50810 0.9988579655875173 0.11101627349853516
50910 1.0088670458312516 0.1988682746887207
51010 1.0034549269780373 0.16414260864257812
51110 0.9970984606735452 0.10389041900634766
51210 0.9973195738046702 0.11255741119384766
51310 0.9961452697747323 0.11934518814086914
51410 1.005390356905368 0.1299731731414795
51510 1.0052108734073975 0.12609100341796875
51610 0.9998687582076284 0.10813117027282715
51710 0.9958833564839296 0.10836482048034668
51810 0.9983902077998326 0.10349464416503906
51910 0.9909531523497925 0.10512566566467285
52010 1.0037545179688938 0.11543059349060059
52110 1.0014494966563037 0.10353446006774902
52210 1.0024614468296662 0.09413766860961914
52310 0.9987054768890508 0.10191631317138672
52410 1.001319481047365 0.12178492546081543
52510 0.983671198497451 0.12158393859863281
52610 0.9865852413101869 0.09993839263916016
52710 0.9989440235213759 0.1139671802520752
52810 0.9960245532210894 0.10349607467651367
52910 0.9968468327238996 0.10737133026123047
53010 0.9978987396479662 0.12351417541503906
53110 0.9980639773517354 0.12946581840515137
53210 1.0020773872746713 0.1251814365386963
53310 0.9942270312314786 0.12228250503540039
53410 0.9998033067233472 0.13186097145080566
53510 0.9962287567068566 0.1329493522644043
53610 1.0036675208662358 0.12818288803100586
53710 0.9975724239883421 0.09900856018066406
53810 1.0031010308410648 0.12132430076599121
53910 0.9894777293041682 0.09499216079711914
54010 0.9952749559439583 0.10345697402954102
54110 0.9984971704428648 0.11517810821533203
54210 1.0031639964951553 0.10357189178466797
54310 1.004906001416385 0.1199495792388916
54410 1.0031044355453804 0.10397505760192871
54510 0.9920301323347751 0.13080048561096191
54610 1.0086027240684752 0.11947107315063477
54710 1.0022943164403668 0.14573383331298828
54810 1.0052374852961383 0.10886168479919434
54910 1.0018789825472971 0.11220979690551758
55010 0.9981290071688851 0.11259126663208008
55110 1.0030784658047813 0.10922884941101074
55210 1.000859403017552 0.11900782585144043
55310 1.0003435594378403 0.12386655807495117
55410 1.0035700883746204 0.10886502265930176
55510 1.004073562494179 0.1096811294555664
55610 1.0031997640200971 0.09990239143371582
55710 1.0019747817530271 0.10280728340148926
55810 0.9984552311154007 0.11584901809692383
55910 1.0094234549549137 0.10317182540893555
56010 0.993039735803233 0.1097710132598877
56110 0.9923692858643003 0.10556840896606445
56210 0.9959152492969016 0.1314387321472168
56310 1.00216534477586 0.13036823272705078
56410 1.0075184709036176 0.11844730377197266
56510 0.999229767823969 0.11296200752258301
56610 1.003653862143988 0.11850929260253906
56710 1.0072791901323388 0.12154841423034668
56810 1.002552712508122 0.11130928993225098
56910 0.996932365132001 0.11887574195861816
57010 1.0036232961623448 0.10439586639404297
57110 0.9987120265084118 0.1302323341369629
57210 1.0026593389115774 0.11538386344909668
57310 1.0052582148012363 0.11609840393066406
57410 1.0059140002068299 0.13065171241760254
57510 1.002062599512446 0.11227154731750488
57610 0.9889305920029218 0.12609195709228516
57710 0.9940150438439026 0.11413812637329102
57810 0.9989965430370936 0.12366008758544922
57910 0.9905820787468765 0.15845537185668945
58010 0.9993378529718776 0.13861489295959473
58110 1.0061527529178 0.10963082313537598
58210 1.0070947043698766 0.13330864906311035
58310 1.0047751522203172 0.14110279083251953
58410 1.0029704558083574 0.10866165161132812
58510 0.9997802988421914 0.10272097587585449
58610 0.9930226438018076 0.11469316482543945
58710 0.9920456987213179 0.10798048973083496
58810 0.9925824728828943 0.10102081298828125
58910 1.0062690788328459 0.11492156982421875
59010 1.004438387235081 0.10834431648254395
59110 1.0043670761910466 0.11668753623962402
59210 1.0012539475805355 0.13650178909301758
59310 0.9930342988282034 0.11336398124694824
59410 1.0075601867127917 0.11997675895690918
59510 0.9987770980416801 0.10558891296386719
59610 1.000495755656479 0.12441897392272949
59710 0.9958035792055407 0.0997474193572998
59810 0.9898894733495199 0.11680054664611816
59910 1.0010869394812176 0.1178750991821289
60010 1.0055862141203233 0.1285991668701172
60110 1.0019840435476262 0.11115121841430664
60210 1.0022049710722527 0.09906172752380371
60310 0.9915425811009853 0.11110997200012207
60410 0.9922293482687625 0.09150147438049316
60510 0.9969915204372616 0.12474417686462402
60610 1.0006388227139762 0.09914565086364746
60710 1.0086634904720626 0.10939431190490723
60810 1.007004777282666 0.11925101280212402
60910 1.0020297753461926 0.10517406463623047
61010 1.0066155283687679 0.10138678550720215
61110 1.0019400802365914 0.09759879112243652
61210 1.0072365837690729 0.1295180320739746
61310 1.0001204492394047 0.10590410232543945
61410 1.0020276182981904 0.11588883399963379
61510 0.9968685537777257 0.12519407272338867
61610 1.0014981222936277 0.1145482063293457
61710 0.9941575264490593 0.09305000305175781
61810 0.9974591699159513 0.13212966918945312
61910 1.0046160480465978 0.1263420581817627
62010 0.998857761976077 0.1247715950012207
62110 1.0035660375958757 0.11561346054077148
62210 0.9985418759115322 0.15272998809814453
62310 1.0020475821279338 0.12028789520263672
62410 1.003090862299468 0.14414358139038086
62510 0.9981705170962553 0.13242697715759277
62610 1.0029211084623986 0.11547374725341797
62710 0.9966002626183716 0.11922979354858398
62810 0.9928529757726972 0.12050127983093262
62910 1.0024527852783456 0.11688423156738281
63010 1.0012142728418216 0.1276404857635498
63110 0.9990022645247792 0.1313304901123047
63210 0.9986709341776226 0.10181927680969238
63310 0.9955345712424047 0.11762523651123047
63410 0.9991009407127045 0.1170954704284668
63510 0.9996645837050475 0.12253212928771973
63610 1.0004591916086178 0.16146063804626465
63710 0.9987339440248484 0.13026046752929688
63810 1.0101612026878952 0.1766800880432129
63910 1.0111673011615216 0.1612226963043213
64010 1.0007603087841037 0.16385531425476074
64110 0.9998920696470969 0.1567671298980713
64210 1.0119764518871213 0.21389150619506836
64310 1.0094820455491451 0.2587616443634033
64410 0.9983761446250227 0.23720455169677734
64510 0.9960635475630486 0.16952276229858398
64610 1.003992801828816 0.1410689353942871
64710 1.0054916862027754 0.1667311191558838
64810 0.9999046828815419 0.12643218040466309
64910 0.9903815785933682 0.12787365913391113
65010 0.9937921921170733 0.13483405113220215
65110 0.9993523946441694 0.11527061462402344
65210 1.0102306697771997 0.1339867115020752
65310 1.0025257326110366 0.14633679389953613
65410 0.9969190686133219 0.15658783912658691
65510 1.0015365998678336 0.1672382354736328
65610 0.9922254325496938 0.1390225887298584
65710 0.9942826622144464 0.12064242362976074
65810 0.9992580781713781 0.16106915473937988
65910 1.0048922429769445 0.1456756591796875
66010 0.9997067478682581 0.1607966423034668
66110 0.9983065289681521 0.1575634479522705
66210 0.9947490948432194 0.1309967041015625
66310 0.9935838362158349 0.1173701286315918
66410 1.000521671875227 0.12326741218566895
66510 0.9984608812619118 0.11986303329467773
66610 0.9933317505615231 0.13613224029541016
66710 0.9935071346786886 0.16852426528930664
66810 0.9932018827963482 0.13736462593078613
66910 0.9975439719543723 0.14426183700561523
67010 0.996165786700013 0.12126588821411133
67110 1.0015935147313229 0.14597010612487793
67210 1.0108231199955156 0.12098145484924316
67310 1.0008902041574204 0.14948534965515137
67410 1.000174084927187 0.225480318069458
67510 0.9964996444811929 0.159210205078125
67610 1.004477856587722 0.21272921562194824
67710 0.9987307924259934 0.19601917266845703
67810 1.0098842373832548 0.1903691291809082
67910 0.9968067911349084 0.258774995803833
68010 1.0047013478876916 0.20250439643859863
68110 1.0025016979567825 0.17995762825012207
68210 1.0002723240687688 0.18880581855773926
68310 1.0033230912350282 0.14485740661621094
68410 1.004056597418234 0.13435697555541992
68510 1.010226256935325 0.16679143905639648
68610 1.0004464539932403 0.13120698928833008
68710 0.9992058741824749 0.13313961029052734
68810 1.0081167640322126 0.1717538833618164
68910 0.988177848865419 0.17544150352478027
69010 1.0067682970796774 0.1600801944732666
69110 0.9921373053894955 0.1643543243408203
69210 1.002860756403134 0.1253347396850586
69310 1.003585404959999 0.12439489364624023
69410 1.0091780699557908 0.13230490684509277
69510 1.0011237696875384 0.13797521591186523
69610 1.0020604669544468 0.14227724075317383
69710 0.9955260844392457 0.1442396640777588
69810 0.998553443416332 0.14536118507385254
69910 0.9985721546274539 0.14937472343444824
70010 1.0053575744374912 0.11790275573730469
70110 1.0018120057103468 0.13223552703857422
70210 1.0070271831406337 0.11562275886535645
70310 1.0046474000653751 0.11726903915405273
70410 0.997648656776782 0.11285257339477539
70510 1.0026025942973025 0.13455557823181152
70610 1.008835430744405 0.15819454193115234
70710 0.9968705223105669 0.12169170379638672
70810 0.9980761151687702 0.18405866622924805
70910 0.9957638878366032 0.1622943878173828
71010 0.9993652027169801 0.12921619415283203
71110 1.0005968995718386 0.12623023986816406
71210 0.9951724055739624 0.14498114585876465
71310 1.0066138382992975 0.13810348510742188
71410 1.002578214892903 0.11404252052307129
71510 0.9988989211702451 0.12617278099060059
71610 1.010700690885191 0.10601091384887695
71710 0.9908485494985714 0.11604619026184082
71810 1.0002578113080083 0.13219547271728516
71910 0.9987638885652518 0.10118532180786133
72010 0.9994327911782197 0.1320052146911621
72110 1.0008526165991671 0.135636568069458
72210 1.0096491858585663 0.14781570434570312
72310 1.0008824377428884 0.1841442584991455
72410 1.0023625295623688 0.1313483715057373
72510 1.0070031824625478 0.12786531448364258
72610 1.0005870458272832 0.11882400512695312
72710 1.0012130664617673 0.13429522514343262
72810 0.9998718508932204 0.11846375465393066
72910 1.0043550933189205 0.11790275573730469
73010 1.0014924559028968 0.1308746337890625
73110 1.0061299630873888 0.11974668502807617
73210 0.9951839870078082 0.12332415580749512
73310 1.0055054954390417 0.11563515663146973
73410 1.001346050664944 0.11002326011657715
73510 0.9980706259909945 0.12049174308776855
73610 0.9993292895315753 0.11267662048339844
73710 1.002425632190415 0.11658191680908203
73810 0.9966214469911835 0.117767333984375
73910 0.9949391826737456 0.10872077941894531
74010 1.0045299628740152 0.12130570411682129
74110 1.0010769974765714 0.11877179145812988
74210 0.9938097141509261 0.11867070198059082
74310 1.003894561507656 0.11789822578430176
74410 0.9960129935342058 0.1318049430847168
74510 1.0122934402660737 0.11530637741088867
74610 1.0003540528365902 0.12368178367614746
74710 0.9986848061991069 0.12104582786560059
74810 1.0019343754053351 0.1460552215576172
74910 1.0102806907963315 0.14174985885620117
75010 1.0053812455502438 0.1406252384185791
75110 0.9945160552475677 0.11407136917114258
75210 0.9968352936015826 0.11043477058410645
75310 1.0029161476621509 0.13447785377502441
75410 1.0009972398969855 0.13447213172912598
75510 0.9940512365433034 0.12929916381835938
75610 1.0047129357913607 0.1361708641052246
75710 1.005569422122613 0.11765265464782715
75810 1.0018995920021558 0.14902448654174805
75910 0.9985319694423168 0.13266515731811523
76010 1.0000424377856856 0.1186988353729248
76110 0.9945140395881561 0.1244819164276123
76210 0.9964143322658644 0.16182899475097656
76310 1.0019957108680322 0.12477612495422363
76410 0.9964864618937852 0.12133312225341797
76510 1.00660032077899 0.14631271362304688
76610 0.9925645099620541 0.11384725570678711
76710 0.9969316868966354 0.12689566612243652
76810 1.003600379829559 0.11166620254516602
76910 0.9973549006015666 0.12248969078063965
77010 0.9996803237189621 0.11359548568725586
77110 0.9978079173880477 0.12989354133605957
77210 1.004664626218907 0.12088871002197266
77310 0.9964074809274666 0.11450934410095215
77410 1.0001245875629143 0.11292576789855957
77510 1.0076202686997853 0.13872623443603516
77610 1.003873948488589 0.11394071578979492
77710 1.0027408846699364 0.1327366828918457
77810 0.9983762529363107 0.11548829078674316
77910 0.9998184152945419 0.1491713523864746
78010 0.98952241279349 0.1348876953125
78110 0.999817081356034 0.1506505012512207
78210 1.0014411600299817 0.1547408103942871
78310 0.9993746405112766 0.14068102836608887
78410 1.0008063332873547 0.1184849739074707
78510 1.0080171047017579 0.1386873722076416
78610 0.9949015732773482 0.20201563835144043
78710 1.001192432225867 0.1348714828491211
78810 0.9919071394344405 0.12665462493896484
78910 1.004126872805039 0.13209772109985352
79010 0.992331823342031 0.1173405647277832
79110 1.0013076086859207 0.16022992134094238
79210 0.9887048468961502 0.1695246696472168
79310 0.9945514862376263 0.14716005325317383
79410 0.9936408485783798 0.21123909950256348
79510 0.9983494000359884 0.1551368236541748
79610 1.0049057389037819 0.1565561294555664
79710 1.0012924776127132 0.12502121925354004
79810 1.0030676443846143 0.15807604789733887
79910 1.0006390621514918 0.13267755508422852
80010 0.9957802965603529 0.13215303421020508
80110 0.9981100993062717 0.1297016143798828
80210 1.0012031368976915 0.1317577362060547
80310 0.9957473497674826 0.13634061813354492
80410 1.0021496397686152 0.13819003105163574
80510 1.002100126402993 0.13451123237609863
80610 1.00055088904233 0.1305396556854248
80710 1.0027046052265205 0.1417858600616455
80810 1.0058300587201017 0.1248633861541748
80910 0.9989757167559178 0.12734532356262207
81010 1.0000878302362952 0.12259078025817871
81110 1.0020489735294151 0.13118314743041992
81210 0.9875377165638696 0.13540029525756836
81310 1.0006463077294354 0.13101816177368164
81410 0.998447296969312 0.12049174308776855
81510 0.9990688984589412 0.13978028297424316
81610 0.9982982101444967 0.12511944770812988
81710 1.0016966013735658 0.1469588279724121
81810 1.0108171113021325 0.1341996192932129
81910 1.0050645551286363 0.16757440567016602
82010 0.9960465897526651 0.14786696434020996
82110 0.995284275266352 0.17052459716796875
82210 1.0001663333593898 0.13252496719360352
82310 0.9983216965419721 0.1579134464263916
82410 1.0066313844467458 0.1567387580871582
82510 1.0068168736391847 0.17933177947998047
82610 1.0050604893374193 0.14125776290893555
82710 1.0056054127563814 0.15147852897644043
82810 0.9963461585799632 0.159562349319458
82910 1.0042212366130723 0.17627811431884766
83010 0.9988798214028668 0.19287824630737305
83110 1.00067647077102 0.15997028350830078
83210 0.9954411120795871 0.2466268539428711
83310 1.0035460194649857 0.33252477645874023
83410 1.0039106958391366 0.2043590545654297
83510 0.9944060762874609 0.2292029857635498
83610 0.9991779267195415 0.19705438613891602
83710 0.9861645993526659 0.16351008415222168
83810 0.9984422015825811 0.1808161735534668
83910 1.003486234631079 0.17732596397399902
84010 0.9979743124170197 0.2282571792602539
84110 1.001950833192269 0.22402405738830566
84210 1.0001163965751783 0.21574926376342773
84310 0.9972912737988437 0.19463801383972168
84410 0.9994129086401052 0.22861528396606445
84510 0.9974128078038536 0.2683417797088623
84610 1.001803923858358 0.14216184616088867
84710 0.9989027662937033 0.12390542030334473
84810 1.0049691806002525 0.16057348251342773
84910 0.999804525450125 0.16797661781311035
85010 0.9975835291890401 0.13975739479064941
85110 0.9943240857377593 0.13970398902893066
85210 1.0043055082824264 0.14231395721435547
85310 0.9910096272386759 0.1661520004272461
85410 1.0007693351555367 0.18304133415222168
85510 0.998964169002788 0.19450950622558594
85610 1.0043685730906493 0.20247912406921387
85710 0.9966043482712416 0.17022967338562012
85810 1.0013375587447144 0.16352248191833496
85910 1.0012921028843509 0.16979622840881348
86010 0.9946199691610543 0.19852781295776367
86110 1.0068750117578649 0.23457121849060059
86210 0.9949742703847303 0.273984432220459
86310 0.9940501802649727 0.21588945388793945
86410 1.0028938947316874 0.2603423595428467
86510 0.9959732565195942 0.20188236236572266
86610 1.0061048061103561 0.1773395538330078
86710 0.9984281213845644 0.16875958442687988
86810 1.0031331301913566 0.20586848258972168
86910 0.9998780272752448 0.24402880668640137
87010 0.9974244213294908 0.18540382385253906
87110 1.0040404867564414 0.17922568321228027
87210 1.0034833416404008 0.23771977424621582
87310 0.9971623848712576 0.23170900344848633
87410 1.002570471094528 0.23544526100158691
87510 1.0019605245032324 0.2167677879333496
87610 1.0025911627507706 0.20122885704040527
87710 0.9937682278898718 0.16713666915893555
87810 1.0042415205857322 0.16107487678527832
87910 0.9962788016752014 0.1806497573852539
88010 0.9914461141919215 0.16837334632873535
88110 0.9972377775711984 0.21078181266784668
88210 1.0009743608802366 0.1810743808746338
88310 1.0001761656261912 0.19015288352966309
88410 0.9983471570969589 0.1580193042755127
88510 0.9973028399304366 0.16235089302062988
88610 0.9961773429888606 0.19344401359558105
88710 1.002480785210412 0.19668889045715332
88810 0.9940173017176417 0.18140029907226562
88910 0.9983108736935875 0.19566035270690918
89010 0.9981595193641883 0.16692209243774414
89110 1.006758350407384 0.19585323333740234
89210 1.0021172140462662 0.18202567100524902
89310 0.9997795433507494 0.16654539108276367
89410 0.9987441362258834 0.20108318328857422
89510 0.9974353861272969 0.18373656272888184
89610 1.0008655573462701 0.17295217514038086
89710 0.9948266391355537 0.19092011451721191
89810 1.003252265656887 0.15216350555419922
89910 1.0007368315263168 0.16707444190979004
90010 1.0077117192213252 0.16304612159729004
90110 1.0037182857794127 0.15183329582214355
90210 0.9983661186236633 0.1718311309814453
90310 0.9996375977938695 0.16135835647583008
90410 1.0014793803295405 0.14925718307495117
90510 1.0003728955429652 0.1839282512664795
90610 1.0043338194486748 0.1768784523010254
90710 0.9969159996139483 0.15537190437316895
90810 0.9983451010605283 0.18425893783569336
90910 0.9989296831539265 0.16660809516906738
91010 0.9972627411539142 0.15918660163879395
91110 0.9972785151742827 0.1688082218170166
91210 1.0014872945201434 0.1753537654876709
91310 0.9954454247271104 0.17008399963378906
91410 0.99724465211204 0.17053723335266113
91510 1.0042438419805846 0.19703888893127441
91610 0.999080628899707 0.21545863151550293
91710 1.0036949672528612 0.20392894744873047
91810 1.0042142415072022 0.2335505485534668
91910 0.9982893843404115 0.19528603553771973
92010 1.0014950710876078 0.19978928565979004
92110 1.0078011529089779 0.1832714080810547
92210 1.001731131003094 0.16126227378845215
92310 1.0036396545664155 0.1720869541168213
92410 1.0032744978112018 0.17748069763183594
92510 1.0068308737885694 0.18993186950683594
92610 0.9972179654691005 0.1721959114074707
92710 1.0053774561955333 0.16083645820617676
92810 1.0026193049732868 0.18599796295166016
92910 0.9929091845547544 0.1563129425048828
93010 1.0011265747992426 0.24734044075012207
93110 0.9988323732302118 0.2141132354736328
93210 0.9995608362437887 0.22275853157043457
93310 1.0035402331629575 0.18883323669433594
93410 1.0033375804811535 0.21236968040466309
93510 0.9983330192364878 0.2728292942047119
93610 0.9914413522662512 0.28318190574645996
93710 0.9960706821396074 0.19550681114196777
93810 1.0023471754640079 0.21587777137756348
93910 0.9987837868784231 0.21830344200134277
94010 1.001973241187074 0.24325108528137207
94110 0.9963727979348604 0.24100184440612793
94210 0.9994008978377265 0.19365239143371582
94310 1.00030340014646 0.17474794387817383
94410 1.0000801875121421 0.1839735507965088
94510 1.0064103800063318 0.1739192008972168
94610 1.0080328435443027 0.17653822898864746
94710 1.006629829093263 0.18256664276123047
94810 0.9968237985838141 0.1984102725982666
94910 1.0066663724027556 0.1779317855834961
95010 1.0038928210938591 0.18184399604797363
95110 0.9984011286298075 0.17780852317810059
95210 1.0009288173072006 0.19554448127746582
95310 0.9900929081934281 0.22060155868530273
95410 1.0008219534696525 0.22204113006591797
95510 0.9965448376400953 0.20051836967468262
95610 1.0052575573570592 0.17836809158325195
95710 1.0015003441999775 0.20454096794128418
95810 1.0004807989195295 0.21116280555725098
95910 1.0011870359639103 0.20500588417053223
96010 1.001686206492188 0.23575305938720703
96110 0.9989495808209031 0.19672346115112305
96210 1.0009887989266155 0.21242451667785645
96310 0.9979255285827864 0.25597190856933594
96410 0.9991426092172194 0.21568655967712402
96510 1.0030160601583713 0.20006895065307617
96610 0.9941115870717373 0.21613597869873047
96710 0.9971658008793726 0.30277228355407715
96810 1.0090831976240313 0.29047679901123047
96910 0.9979085618003724 0.23766875267028809
97010 1.0076895597535287 0.22008156776428223
97110 1.0077952552898988 0.18125033378601074
97210 0.9981539786874781 0.21740388870239258
97310 0.9996131289285423 0.2833981513977051
97410 0.9987895779164215 0.1818559169769287
97510 0.9992582242821729 0.19025611877441406
97610 0.995833073918951 0.1764240264892578
97710 0.9990815385444156 0.18413591384887695
97810 0.9961681019185606 0.18481802940368652
97910 1.0018540572089354 0.16506171226501465
98010 0.9972570123975939 0.22073578834533691
98110 0.996642933469499 0.18004584312438965
98210 1.0014065823821932 0.21777892112731934
98310 0.9994091324671402 0.2304058074951172
98410 0.9939306413677074 0.22359800338745117
98510 1.0005861247962584 0.2305891513824463
98610 0.9979450165516857 0.21008610725402832
98710 0.9960841499822962 0.18787193298339844
98810 1.000394928439535 0.1978321075439453
98910 1.0008054265678494 0.2170872688293457
99010 0.9968041269547855 0.21788644790649414
99110 1.0000306204907639 0.21459364891052246
99210 0.996983246715223 0.19919872283935547
99310 1.0052466873126458 0.19093084335327148
99410 0.9995940500077249 0.1813497543334961
99510 0.9916467913093325 0.19532513618469238
99610 1.0018971218021815 0.21659636497497559
99710 0.9954234947302691 0.220703125
99810 0.9960577610677598 0.19180083274841309
99910 1.0004692820852041 0.19416475296020508
100010 1.0047732947674364 0.21886491775512695
100110 0.9971149626672436 0.2129676342010498
100210 0.9996409267533849 0.24173378944396973
100310 1.0026292119250406 0.22336196899414062
100410 1.0009917719310204 0.199998140335083
100510 1.0007568724873366 0.24002480506896973
100610 0.9965494852357272 0.260631799697876
100710 1.0020524774216928 0.2306075096130371
100810 0.9939849824735639 0.2249445915222168
100910 0.9999930908516288 0.2624349594116211
101010 1.0023496361605304 0.305894136428833
101110 0.996184825589135 0.2456367015838623
101210 0.9942010104753115 0.19513964653015137
101310 1.005372790635102 0.19398951530456543
101410 1.0062062173529494 0.20057964324951172
101510 0.9974610535984211 0.19913935661315918
101610 1.003205803125196 0.1902027130126953
101710 0.9962517056816849 0.27101564407348633
101810 1.0022044759803757 0.2234632968902588
101910 0.9942239111135643 0.2225627899169922
102010 0.9988366673438511 0.22110772132873535
102110 0.9980276196596628 0.20440220832824707
102210 0.9973408576132613 0.232893705368042
102310 0.99390611029639 0.21809101104736328
102410 0.9952967430158222 0.18408584594726562
102510 1.0025577078191736 0.20028185844421387
102610 0.994919798496911 0.1974506378173828
102710 0.9954165318945054 0.20784831047058105
102810 0.9979282671960329 0.1927800178527832
102910 0.9982532777168288 0.1925361156463623
103010 1.0008771476058607 0.20091676712036133
103110 1.0009832996255645 0.21091723442077637
103210 0.9952321267739317 0.2139289379119873
103310 1.0030817811474009 0.2045609951019287
103410 0.9963852871702218 0.23063349723815918
103510 0.999880268109589 0.18248224258422852
103610 1.0018205722059335 0.18158292770385742
103710 1.0025913582738082 0.20369815826416016
103810 0.9989634991171 0.20327997207641602
103910 1.0013739947991998 0.24202609062194824
104010 0.9976119456759224 0.19332027435302734
104110 1.0063232938110058 0.20492768287658691
104210 0.9932822527351013 0.2004108428955078
104310 1.0001833067089956 0.18170452117919922
104410 1.0002888015738682 0.21177339553833008
104510 1.0024953164267925 0.22231507301330566
104610 0.9966545597171179 0.19996118545532227
104710 1.000556948893743 0.1703650951385498
104810 1.0030864753506739 0.19622588157653809
104910 0.9997078559543996 0.18432092666625977
105010 0.9950668431143064 0.21190905570983887
105110 1.0035803618955672 0.19613194465637207
105210 1.000891019460345 0.22862458229064941
105310 0.9990971201007797 0.19934582710266113
105410 0.9974938856560618 0.23659658432006836
105510 0.9992378126579167 0.25273799896240234
105610 0.9966328580192922 0.2785940170288086
105710 1.001151906091015 0.24675226211547852
105810 1.0019546647330273 0.2138195037841797
105910 1.004107142118193 0.2114403247833252
106010 1.005371102030598 0.2405838966369629
106110 1.0000985196646222 0.19676971435546875
106210 1.0043839484904842 0.2174391746520996
106310 1.005319148323736 0.18352794647216797
106410 0.9962587000582752 0.2010962963104248
106510 1.0004429998719488 0.2485182285308838
106610 0.9992962884012645 0.19781231880187988
106710 0.9941284125677909 0.2185065746307373
106810 1.0004744335895024 0.20009469985961914
106910 1.0013618832533557 0.1833357810974121
107010 1.0060752472496308 0.19986891746520996
107110 1.0006899803550595 0.1990828514099121
107210 1.002403273224156 0.2006664276123047
107310 0.9990318740633014 0.18344807624816895
107410 1.0056135421797034 0.2006990909576416
107510 1.0029798426574437 0.21015501022338867
107610 0.9978059072628138 0.1785440444946289
107710 0.9971773270342116 0.22568321228027344
107810 0.9979231070881627 0.1942424774169922
107910 1.0020287129759498 0.18887591361999512
108010 1.0087081102085493 0.200042724609375
108110 0.9970482329710241 0.19079184532165527
108210 1.0030586304498679 0.2098379135131836
108310 1.0042739368886144 0.1832590103149414
108410 1.0030972114408525 0.2157423496246338
108510 0.9934182957211131 0.19983863830566406
108610 1.0044078578882303 0.19116950035095215
108710 1.0021901902541177 0.19641423225402832
108810 1.002153517373732 0.19347476959228516
108910 0.9968155450452911 0.1863265037536621
109010 1.000722295617289 0.19985294342041016
109110 1.0041243795746742 0.18331480026245117
109210 0.9961558640427408 0.20128464698791504
109310 1.0085397599503076 0.21519064903259277
109410 0.9972215451324612 0.20003294944763184
109510 1.003633591549001 0.21732497215270996
109610 1.0001967492683204 0.19889187812805176
109710 1.0040530008254336 0.2166433334350586
109810 1.0017005832814943 0.22207260131835938
109910 1.000430012123888 0.19640064239501953
110010 1.000776630253175 0.19568634033203125
110110 1.00674715495355 0.22639870643615723
110210 0.9993634907354749 0.19336867332458496
110310 1.0012311490380787 0.21563291549682617
110410 0.9966369610437961 0.23340201377868652
110510 0.9949313223168557 0.18208646774291992
110610 0.9945672005753752 0.20100808143615723
110710 1.000912143557319 0.18876409530639648
110810 1.0068225624935845 0.19418597221374512
110910 1.0090293418443084 0.21851587295532227
111010 1.002096915645243 0.19695115089416504
111110 1.002527429320446 0.18279552459716797
111210 1.003023729350885 0.20048952102661133
111310 0.9964478866179337 0.2174832820892334
111410 1.0016882179716151 0.1998906135559082
111510 1.002161808200471 0.2012643814086914
111610 0.9997827018969293 0.19945263862609863
111710 0.9948456983024477 0.21562671661376953
111810 1.00026732557056 0.21565532684326172
111910 0.9978742417766582 0.23419666290283203
112010 1.006631801438667 0.215606689453125
112110 0.9967763431570267 0.2175612449645996
112210 1.002154934006879 0.20260381698608398
112310 0.9958361416894721 0.21383929252624512
112410 0.9966184463727897 0.1998755931854248
112510 1.0001187430167964 0.1999225616455078
112610 0.99526472051923 0.2334306240081787
112710 0.9993510800056099 0.19864177703857422
112810 0.9964967124227265 0.18335819244384766
112910 1.0053605085389181 0.18749427795410156
113010 1.0081389116359172 0.21437382698059082
113110 0.999329076161048 0.21538853645324707
113210 1.0028489252436283 0.23057913780212402
113310 1.0021598573535753 0.2045297622680664
113410 1.0025815845406043 0.19806718826293945
113510 1.0025460853286985 0.20169997215270996
113610 1.00305360281734 0.19812226295471191
113710 0.9940777346379072 0.19823670387268066
113810 0.9986026015257379 0.2038407325744629
113910 1.0003252586399518 0.21327924728393555
114010 0.9960933518211973 0.20098519325256348
114110 1.0032641858771012 0.21709322929382324
114210 0.9990155124664524 0.19936323165893555
114310 1.001033972760301 0.20442962646484375
114410 0.9973122671182071 0.21747756004333496
114510 0.9951700272122784 0.20929908752441406
114610 1.0060779008631617 0.20234131813049316
114710 0.9993501448753631 0.21709632873535156
114810 1.0037020606743234 0.1989443302154541
114910 1.0034942391447874 0.21646833419799805
115010 0.9951557902550451 0.20061302185058594
115110 0.9972064458940993 0.21441411972045898
115210 0.9990393761435994 0.2196192741394043
115310 0.9988791150968093 0.20150256156921387
115410 0.9964315317597515 0.20641779899597168
115510 0.9960388356384635 0.20650601387023926
115610 1.0027538560262572 0.21943902969360352
115710 0.9987739411853412 0.2081007957458496
115810 1.0055176144318545 0.2068614959716797
115910 1.005097147359665 0.20015931129455566
116010 1.0019337215035717 0.22276616096496582
116110 0.9940581230603694 0.209991455078125
116210 0.996621119057597 0.21577978134155273
116310 0.9994767039655319 0.20437860488891602
116410 1.0032811930271535 0.21298456192016602
116510 0.9976974786278447 0.23236489295959473
116610 1.0041418970459148 0.2102372646331787
116710 1.0041694581504206 0.20550155639648438
116810 0.9983035990066864 0.21516013145446777
116910 0.9947904444558782 0.21042633056640625
117010 0.9990011719118203 0.20894575119018555
117110 0.9995808248673947 0.20271825790405273
117210 0.9999068753675954 0.20406627655029297
117310 1.0009264645789795 0.22344064712524414
117410 1.0104554953010358 0.24192214012145996
117510 1.0042622740517866 0.20983529090881348
117610 0.9971355062906557 0.21664834022521973
117710 1.0035621024266292 0.21552419662475586
117810 0.9969087935817256 0.20873403549194336
117910 0.9975072143820022 0.19310736656188965
118010 0.9995473010729553 0.23323583602905273
118110 0.9989934858608355 0.20384788513183594
118210 0.9962906853658661 0.2117462158203125
118310 0.9984726149660936 0.21634840965270996
118410 1.0013801813587329 0.20753717422485352
118510 1.0037623360495296 0.20898222923278809
118610 1.0018759328068134 0.21653008460998535
118710 1.003380681615255 0.20621299743652344
118810 0.9976557651374708 0.20826315879821777
118910 0.9980825239517243 0.2520573139190674
119010 1.000685501266656 0.1988234519958496
119110 0.9932993263207008 0.23877930641174316
119210 0.9994826921487375 0.21180105209350586
119310 1.000857796067221 0.2582578659057617
119410 1.0004535555806537 0.20841407775878906
119510 1.003023012747308 0.21656084060668945
119610 0.9963258786134391 0.23232650756835938
119710 0.9959264369230572 0.24194741249084473
119810 0.9969898561496054 0.20870590209960938
119910 1.002352117391929 0.21673345565795898
120010 0.9991524978746344 0.2145068645477295
120110 1.00378503007749 0.20276904106140137
120210 1.0039557658807143 0.22827982902526855
120310 1.0017882266229157 0.20622730255126953
120410 1.0018783705216778 0.2145247459411621
120510 1.0037701347676662 0.21335744857788086
120610 1.0012808179398838 0.2299647331237793
120710 1.005070931160558 0.21310091018676758
120810 0.9980097240692647 0.2191638946533203
120910 0.9986127933324533 0.2055654525756836
121010 1.0038637994356507 0.23364472389221191
121110 0.9986342971847846 0.23138642311096191
121210 1.0000089023255399 0.21944522857666016
121310 1.0014015808326466 0.2594332695007324
121410 0.9995199811678955 0.20703935623168945
121510 1.0047080210622568 0.23114681243896484
121610 1.0057079001586986 0.2257990837097168
121710 1.0020028492487114 0.23021554946899414
121810 0.9935841997328505 0.2207808494567871
121910 1.0021603271264448 0.23291683197021484
122010 1.0001457980089241 0.208451509475708
122110 1.0023779082893287 0.2333059310913086
122210 0.997560109347484 0.23120856285095215
122310 1.0017273242999205 0.23015308380126953
122410 0.9996592612278932 0.22161078453063965
122510 0.9948151983254586 0.2043774127960205
122610 1.0012283414228016 0.23524999618530273
122710 1.0032676872144763 0.20296788215637207
122810 1.0009640112097404 0.23037147521972656
122910 1.001574938530531 0.2256026268005371
123010 0.999697613498684 0.22195672988891602
123110 0.9941155224970214 0.22979474067687988
123210 1.0038022900020374 0.21563291549682617
123310 0.9990463233671022 0.22080039978027344
123410 0.99715713860289 0.22869110107421875
123510 0.9955506957410069 0.2168576717376709
123610 0.9985179616448769 0.21661758422851562
123710 0.9958958187599908 0.21653151512145996
123810 1.0001135353854058 0.2165522575378418
123910 1.0036075817426027 0.22247529029846191
124010 0.9926907160292522 0.2273404598236084
124110 0.9963242779804069 0.21553969383239746
124210 1.0027727843309533 0.2348313331604004
124310 1.001350801284203 0.23100805282592773
124410 1.0061387767696814 0.23488163948059082
124510 0.9973841247828034 0.2333540916442871
124610 0.994722427359612 0.23458361625671387
124710 1.007774376100328 0.21606779098510742
124810 0.9970625309849807 0.23552918434143066
124910 1.0029804728710916 0.22996091842651367
125010 1.0036584749127948 0.2389061450958252
125110 0.9988329959586996 0.22650837898254395
125210 0.9973061439476306 0.20096111297607422
125310 0.9936354777994021 0.21656370162963867
125410 0.9996112566903497 0.23335886001586914
125510 1.0080545471967552 0.21644926071166992
125610 0.9937766823013926 0.23220610618591309
125710 1.0009157513991565 0.25114893913269043
125810 1.0071217017819345 0.21419572830200195
125910 0.998816350407282 0.22383809089660645
126010 0.9971425571801334 0.2286982536315918
126110 1.0023193320581372 0.21615028381347656
126210 1.002952311593151 0.22297310829162598
126310 0.9967667527709319 0.22685885429382324
126410 1.0066746645474696 0.23305082321166992
126510 1.0013736043892398 0.21541357040405273
126610 0.9981271791536878 0.2180328369140625
126710 0.998819387864171 0.2164449691772461
126810 0.9964751403536576 0.23142480850219727
126910 1.0003949540187 0.23373699188232422
127010 1.001239156813921 0.23432135581970215
127110 1.0059061050752311 0.21656084060668945
127210 0.9925077769116862 0.23325848579406738
127310 1.0012830338808412 0.23317217826843262
127410 0.9943775551030831 0.23325777053833008
127510 1.0011444649422792 0.23218750953674316
127610 0.999315814320001 0.2165844440460205
127710 0.9996732262962289 0.21654462814331055
127810 1.0004547939864912 0.2468123435974121
127910 0.998148718102509 0.2186143398284912
128010 1.002958744251003 0.21768975257873535
128110 0.9941444273886296 0.23325657844543457
128210 0.9983919684886392 0.23308348655700684
128310 1.0052673986270502 0.21656155586242676
128410 0.9982012285495504 0.2354280948638916
128510 1.0082725187121753 0.23108339309692383
128610 1.0029416633149606 0.23423218727111816
128710 0.9975232402507279 0.2678806781768799
128810 0.9982812541005587 0.25112271308898926
128910 0.9985021580785598 0.2747616767883301
129010 0.9990669814349756 0.266618013381958
129110 0.9988473852283641 0.2894585132598877
129210 0.9933385220491181 0.3663368225097656
129310 0.9974551474413137 0.5487735271453857
129410 1.0033385990235015 0.543959379196167
129510 0.9979533397680906 0.47805023193359375
129610 1.0015619110132556 0.29903268814086914
129710 1.001398474455607 0.48130178451538086
129810 0.998365113556 0.487994909286499
129910 1.0025538224761408 0.5114643573760986
130010 0.9990687540999653 0.5461466312408447
130110 0.9973147633796199 0.4821360111236572
130210 0.9964730378536306 0.4772810935974121
130310 1.0011805170508783 0.498582124710083
130410 1.0007722858508177 0.49277448654174805
130510 0.9987765897347899 0.49645233154296875
130610 0.995518228168222 0.4936702251434326
130710 1.0013257697494167 0.39532995223999023
130810 1.0004471138089184 0.43435096740722656
130910 0.9971383989672894 0.5012531280517578
131010 1.000219354501667 0.5246572494506836
131110 0.9980450198363433 0.43509864807128906
131210 0.9976228623622275 0.46724891662597656
131310 0.9957356766775686 0.4701690673828125
131410 0.996630264069367 0.5812990665435791
131510 1.002457917934386 0.3327505588531494
131610 0.9987528213267103 0.46364402770996094
131710 1.00310879443613 0.528048038482666
131810 1.0011497279778867 0.43747901916503906
131910 0.9918611988707534 0.5333054065704346
132010 0.9985862524289827 0.4937856197357178
132110 1.0022194416903643 0.5577449798583984
132210 0.9982513989294847 0.529991626739502
132310 1.0049750230041297 0.5008013248443604
132410 0.9986443045441805 0.43498921394348145
132510 1.0041843931521168 0.41464686393737793
132610 0.9973056253268787 0.5094990730285645
132710 0.9961822843236527 0.47240281105041504
132810 0.9941688703996191 0.5397887229919434
132910 0.9999926842771036 0.548302173614502
133010 0.9983318924393392 0.5234043598175049
133110 1.0067018732979527 0.4834403991699219
133210 1.0041309289607672 0.40026187896728516
133310 0.9976399872911214 0.4249565601348877
133410 0.9990190977611175 0.47383904457092285
133510 1.0040553844408353 0.5013835430145264
133610 1.001531052099916 0.5247740745544434
133710 0.9985860679091869 0.5531773567199707
133810 1.0044042891550282 0.5449414253234863
133910 1.0012957254200543 0.5291717052459717
134010 0.9978603837800143 0.5010495185852051
134110 0.9975394844207439 0.33162689208984375
134210 1.0019071437414624 0.25843024253845215
134310 1.0016020801723493 0.2802896499633789
134410 0.9980665904375182 0.39006853103637695
134510 0.9953618207046144 0.6411082744598389
134610 0.9964003893448043 0.3171820640563965
134710 1.0041045825620194 0.22428584098815918
134810 0.9999920370482868 0.2197740077972412
134910 1.0039877206986145 0.24133706092834473
135010 1.005674748135592 0.313826322555542
135110 0.9989038959566015 0.3047773838043213
135210 1.0015593668171516 0.2566337585449219
135310 1.0040467961133344 0.28629636764526367
135410 1.002066233714473 0.2527296543121338
135510 0.9941344939315858 0.22802996635437012
135610 0.9950571401282647 0.23089814186096191
135710 1.0012874025068033 0.3341541290283203
135810 1.0013131893116098 0.26079320907592773
135910 0.9970181268836461 0.2181720733642578
136010 1.0038137275301033 0.23056864738464355
136110 0.9944835571217417 0.2531559467315674
136210 0.9999486684981529 0.2551383972167969
136310 1.00200269903584 0.24222540855407715
136410 0.9965471462385769 0.22477936744689941
136510 1.0038423727706776 0.2259047031402588
136610 1.001590371235651 0.2395033836364746
136710 0.9920500978536274 0.3111107349395752
136810 1.0036791070189017 0.25051164627075195
136910 0.9944756417655976 0.2552986145019531
137010 0.994344094229888 0.21744179725646973
137110 0.9998274212678208 0.24527502059936523
137210 1.0039001080373415 0.22739958763122559
137310 0.997436697056418 0.25939321517944336
137410 0.999960937864537 0.2946782112121582
137510 1.00266094161965 0.3088040351867676
137610 1.0045322232516354 0.23177242279052734
137710 1.0023335440522492 0.23031330108642578
137810 1.0032892246924086 0.2283473014831543
137910 0.9998064555537588 0.24721980094909668
138010 1.0046064431954427 0.2409040927886963
138110 1.0006096649341336 0.2723565101623535
138210 0.9986181560374346 0.32265686988830566
138310 1.0064591705159756 0.2905454635620117
138410 0.9979595476796895 0.26084232330322266
138510 1.002440705477044 0.23813605308532715
138610 1.005064090054661 0.23033404350280762
138710 1.0049087330234683 0.27104759216308594
138810 1.0000253475990313 0.2778358459472656
138910 1.0051315676417167 0.26229095458984375
139010 1.0060947353833305 0.238600492477417
139110 0.9997133794454021 0.2644321918487549
139210 1.0009449201614815 0.21809053421020508
139310 0.9972685833890916 0.23335480690002441
139410 1.002163779504488 0.2531397342681885
139510 0.9977843916060806 0.23038339614868164
139610 0.9968222681581583 0.2322094440460205
139710 1.0034733599339636 0.22577834129333496
139810 0.9994730456456863 0.24076366424560547
139910 0.9974007335215669 0.23140668869018555
140010 0.996758847449493 0.275890588760376
140110 0.9989355507233473 0.26981496810913086
140210 1.000405233209343 0.28838634490966797
140310 1.0006242606129028 0.25037717819213867
140410 1.0046562802056116 0.2674691677093506
140510 1.0016584311482069 0.30776548385620117
140610 0.9989982550210105 0.2640976905822754
140710 0.9976044061942554 0.43100500106811523
140810 0.9983503322698406 0.8802001476287842
140910 0.9998656605397123 1.0324008464813232
141010 0.9965668737239243 0.8183715343475342
141110 1.0027150173277395 0.816143274307251
141210 1.0016205174627246 0.30876660346984863
141310 0.9932289065656462 0.2524681091308594
141410 1.0003434868800898 0.2360546588897705
141510 0.9974047426957716 0.3399827480316162
141610 0.9974496390522587 0.2807273864746094
141710 0.9963975397938388 0.28995203971862793
141810 0.9990355854695521 0.3198225498199463
141910 1.0004006560944938 0.45276451110839844
142010 1.0035881624732808 0.30881786346435547
142110 1.0010067949757315 0.2565648555755615
142210 0.9994527317353761 0.3168978691101074